(below output comes from terminal for colorblind_human_gene.fasta)

FASTA file colorblind_human_gene.fasta opened
Alphabet file DNA_alphabet.txt opened
S length = 3303	 alphabet length = 5
Press ENTER to build tree



Elapsed time: 3359 ms
Tree build complete.
Press ENTER to enumerate from root


0        1        1        2        2        3        3        4        5        6        
7        8        9        10       11       12       13       14       15       16       
1473     1472     1471     1470     1469     1468     1467     1466     1485     1465     
1464     1463     801      1462     7        800      1481     6        578      8        
787      893      6        7        1499     1439     1461     2939     3117     6        
7        11       793      799      3267     671      3298     12       1480     1487     
5        100      6        298      7        9        2301     1042     577      6        
527      7        786      892      5        6        7        1498     1593     7        
1438     1827     7        1899     14       1784     1460     2938     3116     5        
6        10       792      798      2850     7        975      2808     9        3266     
661      670      6        940      7        1660     1668     3297     7        11       
13       1479     807      18       1486     1493     1652     4        5        599      
99       1943     5        8        878      297      6        2300     8        592      
576      6        515      846      5        526      6        785      891      4        
5        6        1497     7        924      957      1592     6        8        1437     
2441     7        2887     1826     2396     5        6        2835     1898     7        
1783     8        271      907      6        1159     2016     5        7        1855     
1890     6        2375     2937     2918     3115     4        5        8        9        
791      797      811      6        2118     2849     6        974      2807     8        
3265     660      5        687      613      669      5        6        939      2870     
6        1659     1667     7        2781     1926     3296     5        6        10       
12       1478     806      1492     1651     16       3        4        5        6        
849      274      1269     5        2251     598      5        6        98       1520     
29       6        920      2672     399      1942     4        5        7        877      
296      1260     5        2830     6        1620     7        2299     1040     968      
1579     7        591      575      1266     5        514      845      4        5        
3015     1358     5        3081     2351     4        5        525      3096     7        
2469     1850     2424     5        8        1095     784      1535     890      58       
5        816      2596     953      722      3        4        5        7        1830     
1496     6        923      956      1986     1591     5        1128     983      5        
6        499      7        1436     2440     6        2886     1825     6        9        
1955     1212     7        2395     3284     5        309      6        1937     154      
4        5        2834     8        695      1010     6        1722     1897     7        
424      1167     6        12       1782     1458     2578     7        270      906      
5        1049     2608     7        2285     1021     5        1158     2015     168      
4        6        1854     7        1959     1889     5        6        2923     997      
139      6        1365     259      5        7        2374     288      8        2936     
1983     5        643      7        2670     236      6        204      2917     4        
1885     5        2358     6        2259     585      2196     5        6        7        
3114     934      69       6        93       2818     3        4        5        6        
7        8        790      796      810      602      6        1170     239      748      
5        2117     2848     5        973      2806     1699     5        7        3264     
659      2386     46       4        5        1588     1818     6        686      737      
5        2246     7        8        545      1745     1194     7        123      612      
5        334      668      4        5        6        911      938      2869     1869     
5        3150     1658     1666     457      6        2780     1925     3295     4        
5        7        9        11       1477     805      16       1484     1491     20       
1650     5        2331     494      192      5        407      745      521      6        
15       768      2        3        4        5        6        3119     1044     1595     
848      8        2837     273      1268     2360     7        2248     1196     4        
5        2250     117      5        597      2132     865      5        2039     3129     
4        5        6        7        8        2305     9        1831     1788     691      
97       6        245      1519     130      28       5        8        919      2659     
1006     2671     6        398      438      4        1941     838      5        1966     
7        677      115      6        1675     1277     829      5        6        1145     
3092     6        3224     2622     2681     3        4        5        6        595      
2121     402      5        6        2674     3227     6        876      295      1543     
5        1688     378      5        7        873      1259     6        1233     7        
1108     2545     4        5        6        73       50       6        7        1371     
2829     7        357      1073     5        7        1619     1408     6        7        
1041     2298     1039     967      5        2744     1578     5        6        590      
574      7        1085     1125     2519     4        2114     1770     5        6        
1265     364      2130     4        5        292      857      5        6        3200     
513      2408     5        1709     6        844      467      2551     186      3        
4        1374     5        980      708      1056     4        1753     1295     4        
6        3014     1716     1243     1357     5        2566     992      4        5        
1304     2097     3080     8        863      2350     3        4        524      7        
680      3095     5        2823     6        2468     1849     2423     4        5        
6        531      3154     6        7        1094     783      2037     1610     5        
6        2786     2908     1534     1794     5        1509     889      5        1078     
7        2344     2728     2220     4        57       5        6        1540     7        
1548     2225     2949     3127     1181     5        6        339      2903     2648     
7        638      2845     2138     7        85       3177     4        5        815      
1247     5        6        2595     219      3008     6        1584     383      952      
5        569      1736     7        8        9        2402     1101     721      2        
3        4        5        6        3300     7        102      2303     7        1829     
1786     7        977      1495     689      5        6        2253     922      970      
955      5        6        1130     501      6        1961     1367     1985     8        
95       2820     5        241      1590     1871     6        22       496      4        
6        1597     2362     5        1690     6        359      1127     1772     5        
7        982      1058     1718     5        2825     6        533      1511     6        
1550     341      385      4        5        7        243      498      1774     6        
1435     2439     1912     1433     5        1090     1517     2437     5        6        
962      2885     1824     6        1450     1910     539      5        2210     6        
7        2495     8        1954     1211     1814     6        2394     3283     4        
6        308      329      1861     5        128      1936     6        1838     7        
563      153      1431     6        304      779      3        4        5        6        
881      1893     2833     2199     5        7        694      1009     6        1088     
470      1739     5        1721     7        1896     1391     6        7        1388     
423      8        1166     2956     5        1781     6        2577     705      6        
269      905      4        5        1048     6        1916     2720     2994     5        
2695     3104     6        2769     2607     5        1555     1347     2503     5        
6        715      7        1685     1529     6        2284     1020     4        6        
1515     2109     2628     4        5        606      6        1378     1614     26       
5        7        1396     2462     6        2584     8        2232     109      1157     
5        2033     7        477      1646     6        3021     2014     5        2322     
6        167      2435     3190     3        4        5        6        7        1442     
943      960      1853     6        9        1958     3287     1000     1888     5        
2308     53       5        1841     2465     6        1881     1606     1878     6        
353      7        1385     2883     5        1324     6        917      7        318      
8        2657     420      2803     370      4        5        6        2922     1822     
996      3194     2241     5        6        1846     138      1728     2380     5        
6        7        1364     1603     2716     6        3067     258      4        5        
7        1990     1053     6        1875     1004     5        6        10       2373     
2488     9        2278     287      6        1448     2025     2165     2975     5        
7        2944     2928     452      2898     7        2935     1982     5        1908     
3163     4        5        1163     8        2953     642      537      5        1704     
6        392      2669     235      5        1352     1571     5        203      7        
1565     2178     6        2457     7        1403     2916     1029     1069     3        
4        460      5        1061     6        1884     1032     350      4        6        
1382     7        8        947      2312     1994     5        7        2774     2208     
6        2105     7        761      487      5        2880     6        2793     2416     
4        6        7        2203     1559     396      5        2493     6        2357     
1952     7        1209     436      5        6        2258     1812     6        7        
584      2007     1761     6        2368     3253     2483     6        2156     2195     
4        2473     5        7        174      1696     347      5        6        2392     
3113     933      6        2337     68       5        375      92       2817     6        
3281     325      2        3        4        5        6        7        1475     789      
795      809      601      2426     5        1939     1169     238      5        1747     
747      4        247      5        682      2116     2099     5        2847     7        
221      3010     4        5        6        972      503      306      1918     5        
2805     3165     5        1996     6        1698     327      4        6        3263     
658      2385     45       3        4        986      5        1712     1587     1817     
5        685      7        1188     651      160      736      4        5        1859     
6        8        1778     1454     2245     5        6        7        1793     2524     
7        544      1744     8        1193     623      2172     6        122      611      
5        2687     6        836      823      1321     4        5        1903     6        
1200     1185     333      5        2237     198      6        667      3261     5        
7        618      648      6        211      2052     6        2614     7        3275     
2739     5        656      7        3051     2082     3        4        5        910      
6        157      427      937      6        1173     126      914      133      5        
7        3303     1964     2383     2868     1868     4        5        675      2574     
113      5        3149     1807     1934     1657     5        1665     1424     4        
6        1865     456      6        1673     870      5        1836     6        3183     
3239     1256     315      5        6        1329     561      6        7        1275     
2654     1137     6        3144     8        1638     1341     151      417      4        
5        853      1281     827      5        2779     1924     3294     5        1429     
2451     702      7        2800     2990     3        4        6        8        10       
1476     804      1490     19       6        3230     367      1649     2690     4        
5        302      1149     5        2273     6        1143     777      1230     5        
7        282      3090     1222     4        5        897      1105     5        3222     
2330     5        6        493      43       2536     2542     5        191      2620     
7        266      2070     556      4        5        752      406      2420     5        
2679     6        733      630      744      6        520      2001     5        6        
14       902      767      1        2        3        4        5        6        579      
7        1500     3118     7        3268     672      6        7        299      1043     
528      1594     1669     6        879      593      847      5        925      7        
2836     272      6        8        1856     1891     2919     5        2119     2782     
4        5        1270     6        1521     30       2673     400      5        2831     
1267     3082     5        3097     1536     59       6        2597     723      4        
5        984      1213     5        2579     169      5        260      205      5        
6        2359     2197     70       4        5        1700     6        2387     47       
5        1819     6        2247     8        546      1195     3151     5        193      
769      3        4        5        1045     2626     2249     5        866      3130     
5        8        1789     692      1007     5        839      6        1967     8        
678      116      830      6        1146     3225     2682     4        5        7        
596      2122     6        2675     1544     6        874      7        1234     1109     
5        1409     2745     6        1086     2520     2131     5        293      6        
1710     468      4        709      1754     993      864      4        5        6        
3155     2038     2787     6        2729     2221     5        6        7        1541     
2226     3128     6        2904     2649     3178     5        1585     1737     3        
4        5        6        7        8        103      2304     1787     690      6        
1131     1368     96       5        1691     1719     6        2826     386      5        
6        244      1775     1913     6        1091     1518     6        1451     540      
1815     5        6        129      564      780      4        5        7        882      
1894     1740     6        1392     1389     5        2721     6        3105     2770     
8        1686     1530     2110     5        6        7        1379     1615     27       
6        1397     7        2585     9        2233     110      6        2034     478      
3022     3191     4        5        8        1443     944      2309     6        1842     
1607     7        354      1386     7        918      8        319      9        2658     
421      5        6        3195     2242     2717     5        6        1991     1005     
2489     2945     5        6        1164     2954     6        2179     7        2458     
1404     1070     4        3231     5        2313     6        2775     8        762      
488      5        7        8        2204     1560     397      437      6        1762     
7        2369     3254     2484     2157     5        175      2338     376      3        
4        1940     5        683      222      1919     4        6        1189     161      
5        1779     6        2525     2173     837      5        7        1201     1186     
2238     6        8        619      649      7        212      2053     2615     8        
3052     2083     4        5        6        158      1174     134      1965     6        
676      2575     114      5        7        1674     871      7        3184     1257     
6        1276     7        3145     1639     5        6        1282     828      703      
2991     4        2691     5        6        2274     7        1144     1231     6        
8        283      3091     1223     5        1106     3223     2543     6        2621     
8        267      2071     5        753      6        2680     734      2002     903      
2        3        4        5        594      6        926      1857     6        2120     
2783     5        401      6        60       724      5        1214     6        2580     
170      206      71       5        48       194      4        5        1046     3131     
1790     6        7        1968     679      3226     5        875      6        1410     
2746     2521     294      5        6        3156     2730     6        8        1542     
2227     2905     4        5        6        104      7        1132     1369     6        
1692     2827     6        7        1776     1914     7        1452     541      5        
1741     6        2722     2771     9        1687     1531     6        1616     7        
479      3023     5        6        1444     7        1843     355      6        7        
3196     2243     2718     7        1405     1071     5        2314     2205     6        
176      377      4        5        223      1920     5        1190     9        1795     
2526     620      5        135      6        872      1258     3146     6        1283     
2992     5        2692     1232     6        1107     2544     3        4        5        
61       72       49       5        1791     2522     6        3157     2228     5        
6        7        105      1370     2828     542      6        1742     1617     6        
356      8        1406     1072     2315     5        224      6        1191     1796     
621      3147     2693     4        5        62       6        1618     1407     1797     
5        1798     2297     1038     6        1804     2296     5        1037     966      
5        1803     6        2295     3218     4        5        1036     2743     5        
965      1577     4        5        589      6        1299     573      5        6        
3101     2057     1802     5        6        2021     2143     2170     2294     6        
7        1084     509      1124     8        2767     3217     3037     6        729      
2605     2518     3        4        1725     120      5        1553     609      1035     
2742     4        5        2113     1345     2591     4        964      5        1576     
1769     2501     4        5        1264     363      5        1417     7        3246     
2129     2270     3        4        5        2890     6        291      588      5        
6        2042     1678     1298     572      5        6        1750     2102     626      
6        1140     856      4        5        6        3100     549      2685     3234     
10       215      2056     5        6        1413     3199     6        1801     512      
3061     5        2407     6        774      2064     7        3058     447      2089     
4        5        2020     2142     7        2169     1708     5        6        7        
9        843      834      713      2161     6        466      2293     5        6        
7        1931     821      7        2550     1083     508      6        8        1683     
2639     2558     8        1527     2968     1123     5        7        2766     3216     
2150     38       4        5        2282     3169     5        1227     6        728      
2643     6        1289     7        3074     2604     6        3206     1319     2517     
758      5        6        484      185      6        2634     2185     1018     2        
3        4        5        1654     2377     1724     4        119      1373     4        
5        979      7        1513     1552     5        707      608      1055     5        
1034     2107     2741     3        4        5        2112     1764     1344     4        
5        3025     1285     1752     1294     4        3123     2571     2590     3        
4        8        963      3290     5        3013     1715     4        5        2600     
3108     1292     1242     4        9        1356     1575     5        3182     1768     
5        1975     2269     4        5        2998     1506     5        2500     2565     
991      3        4        1263     362      4        3028     5        78       2531     
3004     4        5        886      1303     1416     5        6        3245     2128     
2096     3079     4        2962     7        862      2349     2        3        4        
5        6        1901     7        8        2810     663      1662     2889     2353     
5        290      8        2261     587      5        604      523      4        5        
6        3121     1198     2041     6        1677     7        3094     2624     5        
7        75       1075     6        3202     2553     5        1376     1297     1306     
5        6        1612     2910     6        1183     87       7        571      2404     
4        5        6        2822     24       343      331      2697     5        2467     
1848     6        462      1063     4        5        1749     2101     625      5        
1139     855      2422     3        4        5        7        1502     530      3099     
6        548      3153     771      5        2684     1111     1756     5        6        
388      1093     782      6        1394     7        2235     2036     6        1609     
2460     3233     9        214      2055     4        5        6        7        928      
2785     7        1216     2582     196      6        1970     8        1412     2748     
2907     6        1533     3198     178      2528     5        6        2230     7        
107      2317     1800     6        2059     511      5        2044     6        3102     
3060     4        1508     5        80       888      4        5        665      6        
1077     2406     5        773      6        180      2061     6        2063     2761     
5        1948     6        7        2343     3057     2727     446      6        8        
2703     3046     2759     5        6        2088     3042     2219     1155     3        
4        5        6        1946     2019     616      1361     646      5        441      
2141     5        1600     6        56       9        2028     2168     1707     2476     
4        5        1539     6        8        842      833      1547     712      2224     
6        2948     7        2160     2341     3055     6        209      2725     3126     
5        6        1309     465      7        444      2031     6        7        9        
1180     2077     2050     2292     4        5        6        1930     820      338      
6        2549     7        1082     1251     6        2507     2902     507      5        
7        1682     8        2647     2638     2557     5        475      6        7        
1526     2967     1644     3211     6        8        2877     637      2844     6        
279      2713     5        2137     3087     6        2862     3138     6        2665     
1122     4        5        6        3019     2612     7        2960     2326     6        
2701     7        84       2765     3215     8        9        3044     3176     3035     
5        2012     2757     2149     1315     5        3273     8        37       2737     
3        4        5        814      740      1246     2281     5        3168     654      
4        5        2790     6        2588     3257     6        2086     1177     7        
1226     2074     5        727      3040     2594     6        7        218      3064     
8        2642     2971     3172     5        1288     6        3073     2603     3001     
7        3031     3007     5        3205     6        7        1219     2320     2047     
3049     1318     2516     4        5        6        1583     2289     382      951      
5        7        8        165      1205     757      2752     2433     5        1625     
1239     2217     4        1153     5        6        568      3188     6        483      
1421     184      5        6        2413     2633     2184     6        2981     2513     
1735     7        1017     255      5        6        7        8        2401     1100     
720      432      1116     6        2856     231      1        2        3        4        
5        6        894      7        1440     2940     3299     6        101      2302     
6        1828     1785     6        976      941      8        1494     1653     5        
1944     516      5        6        7        1832     958      2442     6        908      
2017     2376     5        6        688      614      6        2871     1927     4        
5        2252     921      6        969      1580     1359     5        1851     6        
817      954      4        5        1987     1129     6        500      7        1956     
3285     6        310      155      5        6        696      7        1723     425      
1459     6        1050     8        2286     1022     5        1960     6        7        
2924     998      140      1366     1984     644      5        1886     586      6        
935      7        94       2819     4        7        1171     240      5        1589     
124      335      6        912      1870     5        21       6        2332     495      
408      3        4        5        1596     2361     118      5        6        2306     
131      439      4        5        6        1689     379      2546     5        6        
51       7        1372     358      1126     1771     5        2409     2022     4        
6        981      1057     5        1717     2567     4        2824     5        532      
1510     1079     5        1549     6        340      2139     5        1248     384      
1102     3        4        5        7        3301     978      2254     1962     6        
242      1872     497      5        7        1598     2363     1773     6        1512     
1551     5        1434     2438     6        3070     1911     6        2211     2496     
5        1862     6        1839     1432     4        5        2200     7        1089     
471      706      6        1556     1348     2504     5        1516     2629     5        
607      2463     2436     4        5        6        961      7        3288     1001     
54       6        1879     2884     5        1823     1729     2381     6        1604     
3068     5        6        1054     1876     6        7        1449     2026     2166     
2976     6        453      2899     1909     5        538      6        1705     393      
6        1353     1572     1566     4        6        1033     351      5        7        
1383     948      6        2209     2106     6        8        2881     2866     2794     
5        6        2494     7        1953     1210     6        1813     2008     5        
2474     2393     3282     3        4        5        248      3011     5        6        
504      307      6        1997     328      4        1713     5        6        1860     
1455     1322     2740     4        7        127      915      5        6        1808     
1935     1425     5        1866     6        1837     3240     316      6        7        
1330     562      2655     152      418      5        6        1430     2452     2801     
4        368      5        303      778      631      2        3        4        5        
6        7        580      673      1670     880      7        1892     2920     5        
6        276      7        1522     31       2832     6        1537     2598     5        
261      2198     5        2388     1820     4        5        867      6        693      
1008     6        840      831      5        6        2123     1545     1087     469      
5        710      994      5        2222     6        2572     7        2963     3179     
1738     4        1720     5        6        8        883      1895     1390     3106     
2111     6        7        1398     111      3192     5        6        1387     422      
6        2490     2946     6        7        1165     2955     2180     5        489      
6        7        1763     2370     2485     2158     2339     4        5        162      
10       1780     1456     6        1202     2239     213      3053     5        2576     
10       1640     1343     704      5        6        2275     284      268      6        
754      2003     904      3        4        207      5        6        1047     3132     
2731     5        1915     6        2723     3024     6        7        1445     1844     
2719     6        136      7        1284     2993     4        2694     5        63       
1805     6        3103     3219     5        1300     6        2144     2768     2606     
4        5        1726     1554     1346     2502     3247     4        5        1679     
1751     5        3235     2972     6        2065     448      5        7        714      
2162     6        1932     1684     1528     39       5        2283     6        2644     
1290     3207     7        2635     1019     3        4        6        1655     2378     
5        1514     2108     4        1765     8        3124     2627     5        3109     
1293     2532     3        4        5        8        2811     1663     2354     605      
5        6        3122     2625     2554     6        1377     1307     7        1613     
2911     5        25       463      4        5        1757     6        1395     2461     
5        6        7        929      2583     7        1971     2749     7        2231     
108      5        6        1949     2704     1156     4        5        1362     6        
442      2570     6        1601     2029     2477     2032     5        6        1252     
2508     6        476      1645     2714     3139     5        6        3020     8        
2961     2327     2013     4        5        6        2589     7        1178     2075     
3065     8        2321     2048     5        2290     6        9        166      1206     
2753     2434     6        1626     1240     5        6        3189     1422     7        
2982     256      6        433      2857     2        3        4        5        6        
8        1441     2941     942      7        959      2443     7        2872     1928     
6        1852     818      5        6        1988     3286     311      7        1051     
1023     7        8        2925     999      141      1887     5        336      2333     
4        10       2307     1833     5        2547     52       2568     5        1080     
1249     4        5        6        2255     1873     2364     2212     6        1863     
1840     5        472      2505     2464     5        6        8        3289     1002     
1880     6        1730     7        1605     3069     6        1877     2977     7        
454      2900     6        7        1354     1573     1567     5        352      6        
1384     2882     4        5        3012     505      5        1714     1323     5        
916      1809     6        7        3241     317      7        2656     419      2802     
5        369      632      3        4        5        6        7        581      1671     
2921     6        1523     2599     1821     5        868      2124     995      3180     
5        6        3107     3193     6        490      8        2371     2486     5        
6        1457     2240     1641     6        7        2276     285      2004     4        
5        3133     8        1446     1845     137      5        64       8        2023     
2145     5        1727     3248     5        1680     6        3236     449      6        
2163     40       6        7        2645     1291     3208     2636     4        2379     
1766     2533     4        5        2812     2555     5        1758     1972     2705     
5        6        1363     1602     6        7        1253     2509     2715     5        
8        3066     2973     1241     257      3        4        5        6        2942     
2873     6        7        1989     312      8        1052     1024     8        2926     
142      1834     5        6        1874     2365     473      6        1003     1731     
1574     5        3242     633      4        5        1524     6        2125     9        
2965     3181     9        2372     2487     6        1642     8        2277     286      
5        1447     2024     3249     6        7        3237     450      2164     3209     
1767     5        6        1973     2706     1254     2974     4        5        6        
7        2943     2874     7        313      2927     634      5        6        3250     
451      7        1974     2707     5        6        2875     635      2897     5        
2842     6        2934     7        2896     1981     4        5        12       2841     
277      6        2430     1907     3078     6        2447     2711     5        2933     
6        7        3162     2895     1980     2266     3        4        5        1162     
1013     5        6        2840     2135     7        2952     641      5        536      
1327     5        2429     1906     7        2539     559      4        5        6        
7        1273     3085     1703     2652     5        1135     6        2561     2188     
2997     5        7        1505     391      8        2865     2668     234      4        
5        6        2499     1351     251      6        7        2480     3142     2860     
5        6        2446     1570     3136     2710     6        2564     1636     1339     
8        1633     149      4        5        2663     2932     7        990      202      
5        6        1564     2177     6        3161     7        2894     2093     1979     
6        2265     1120     5        2456     6        1402     2915     1028     1336     
5        1068     415      2        3        4        1161     5        851      6        
1262     1622     3017     5        1957     6        1012     2610     459      4        
5        10       2839     275      2134     1279     188      6        2951     640      
4        6        361      1060     535      5        2958     2324     5        6        
1883     1326     1031     349      4        2428     5        825      1905     6        
2538     558      3        4        5        6        1272     3084     1702     5        
1236     7        2651     2964     5        1381     6        7        946      2311     
1993     2777     2617     4        5        6        1134     2773     2207     1922     
5        2104     2560     6        3076     760      7        486      2187     4        
7        3027     2996     3292     4        5        77       2699     5        6        
1504     390      2530     82       2763     5        1311     6        2879     2864     
5        6        2792     3174     7        3003     3033     6        2415     233      
3        4        5        698      410      2569     5        2498     6        2202     
8        1558     1350     395      2010     5        250      6        1427     1332     
4        5        263      6        885      2492     5        1302     2067     5        
2356     6        1415     1951     6        2479     3141     6        1208     7        
2984     8        435      2859     4        5        2445     6        7        2257     
2214     1569     1811     5        6        583      2006     6        3135     2147     
1760     5        6        144      2367     3244     2127     7        3252     2709     
6        2449     2268     5        2563     6        2482     1635     6        2095     
1338     4        1313     5        700      1630     146      7        1632     148      
5        2155     2194     3        4        2472     2662     2931     6        989      
201      4        5        3271     1563     2176     5        6        173      1695     
3160     6        2893     2092     2153     1978     5        6        2264     346      
1119     4        2455     5        6        2391     1401     3112     6        2914     
932      5        2336     67       1027     1335     4        5        6        861      
2348     374      5        553      7        91       1067     5        2798     6        
35       2735     6        2816     2192     7        414      2988     5        3280     
324      1        2        3        4        4        5        6        8        1474     
802      788      7        794      1488     1900     6        7        2851     2809     
662      1661     808      600      5        7        2888     2397     1160     5        
812      17       4        850      5        1261     1621     5        3016     2352     
5        6        2470     2425     1096     4        1938     5        6        1011     
1168     2609     5        289      237      2260     4        6        603      749      
5        738      1746     458      6        746      522      3        4        5        
2838     1197     5        2133     2040     5        246      2660     5        7        
1676     1278     6        3093     2623     4        5        403      8        681      
3228     6        74       1074     5        2115     365      5        858      3201     
2552     187      4        1375     1296     1244     6        1305     2098     4        
5        1611     2909     2345     5        6        2950     1182     8        639      
2846     86       5        6        220      3009     6        570      9        10       
2403     3        4        5        971      6        502      2821     23       5        
360      1059     6        534      342      5        330      305      4        2957     
5        1917     2696     716      5        1647     2323     4        5        6        
2466     1882     6        1325     2804     371      1847     5        2279     2929     
3164     1030     4        5        461      1062     5        1995     2417     5        
6        1697     348      326      3        4        5        2427     1748     2100     
3166     4        5        987      652      5        624      6        2688     824      
5        1904     6        199      3262     3276     657      4        5        428      
2384     6        1138     1342     854      4        1150     5        898      7        
44       2537     557      2421     2        3        4        6        7        1501     
3269     7        300      529      5        1271     3083     3098     985      5        
1701     547      3152     770      4        7        1147     2683     5        6        
2676     8        1235     1110     1711     1755     5        2788     2650     1586     
4        5        387      6        1092     1816     6        565      781      5        
1393     6        1380     8        2586     2234     2035     5        6        945      
2310     1608     320      1992     2459     5        3232     7        2776     763      
6        1561     3255     4        684      5        2174     6        1187     7        
650      2054     2616     2084     5        7        159      1175     3185     5        
1224     2072     735      3        4        5        6        3120     7        927      
1858     2784     725      6        1215     7        2581     171      195      5        
1969     7        1411     2747     2906     5        6        1133     1693     7        
1777     1453     6        7        2772     1532     480      8        3197     2244     
6        2206     177      5        1921     2527     4        5        6        1792     
2523     7        3158     2229     6        7        106      543      1743     2316     
6        225      7        1192     622      1799     5        2058     6        2171     
510      3038     730      4        5        121      610      2592     3110     6        
1418     2271     4        5        2891     6        2043     3204     6        2103     
627      1141     5        6        550      2686     216      3062     6        775      
3059     2090     5        835      6        822      7        2640     2559     2969     
2151     5        3170     6        1228     3075     1320     759      6        485      
2186     3        6        3026     9        1286     2995     4        7        3291     
3071     2601     1976     6        2999     1507     4        5        3029     6        
79       3005     887      3        4        5        7        1902     664      2262     
5        1199     6        8        76       1076     3203     6        7        1184     
88       2405     5        6        344      332      2698     1064     4        5        
6        1503     772      1112     6        389      2236     5        6        7        
1217     197      179      2529     6        2318     2060     2045     81       5        
666      6        7        181      2062     2762     7        3047     2760     4        
6        7        1947     617      647      5        6        2342     3056     7        
210      2726     6        1310     445      8        2078     2051     5        6        
3212     2878     280      6        3088     2863     2666     5        2613     7        
2702     9        3045     3036     6        2758     1316     3274     4        5        
741      655      5        6        2791     3258     2087     6        3041     3173     
6        3002     3032     7        1220     3050     2218     5        1154     6        
2414     2514     6        1117     232      2        3        4        5        895      
6        1945     517      7        909      2018     615      5        1581     1360     
5        156      6        7        697      426      2287     645      936      5        
1172     125      913      409      4        6        132      440      5        380      
2410     5        2140     1103     4        5        6        3302     1963     1599     
2497     5        2201     7        1557     1349     2630     5        55       2382     
8        2027     2167     7        1706     394      5        6        949      7        
2867     2795     2009     2475     4        5        249      1998     5        1426     
6        1867     1331     2453     3        4        5        674      6        32       
1538     262      2389     5        7        841      832      1546     711      6        
2223     2573     5        6        884      8        1399     112      6        7        
2491     2947     2181     6        2159     2340     5        6        163      7        
1203     3054     755      4        5        208      2732     2724     3148     5        
6        1806     3220     1301     5        2066     1933     4        1656     3125     
4        5        6        1664     2355     6        1308     2912     464      5        
7        930      10       1414     2750     1950     5        6        443      7        
2030     2478     3140     2328     5        6        8        1179     2076     2049     
6        2291     7        1207     2754     1627     6        1423     2983     7        
434      2858     3        4        5        6        2444     1929     819      6        
337      2334     5        2548     6        1081     1250     5        6        2256     
2213     1864     2506     6        7        2978     8        455      2901     7        
1355     1568     5        506      1810     4        5        8        582      1672     
869      491      2005     5        3134     6        65       2146     6        1681     
41       7        2646     2637     2534     5        6        2813     2556     1759     
2510     4        5        7        1025     143      1835     6        2366     474      
1732     3243     5        6        1525     7        2126     2966     1643     7        
3238     3210     1255     5        314      6        3251     2708     7        2876     
636      2843     5        6        278      2431     7        2448     2712     2267     
4        5        1014     2136     1328     8        2540     560      5        6        
8        1274     3086     2653     6        1136     7        2562     2189     5        
252      7        8        2481     3143     2861     6        3137     7        1637     
1340     9        1634     150      5        2664     6        2094     1121     1337     
416      3        4        5        6        852      1623     3018     2611     5        
1280     189      6        2959     2325     826      4        5        1237     2778     
2618     5        1923     3077     3293     5        2700     6        83       2764     
1312     7        8        3043     3175     3034     4        5        6        699      
411      2011     7        1428     1333     5        264      2068     7        8        
2756     1629     2985     5        2215     2148     6        145      2450     5        
1314     6        701      1631     147      4        5        3272     2154     5        
554      6        2799     7        36       2736     2193     2989     2        3        
4        5        5        6        7        8        803      1483     14       1482     
1489     2852     2398     6        813      18       6        2471     1097     5        
750      739      4        2661     5        6        404      3229     366      859      
1245     5        2346     11       4        5        717      1648     5        372      
6        2280     2930     2418     4        3167     5        6        988      653      
2689     6        200      3277     429      5        1151     899      3        4        
7        3270     301      5        1148     2677     2789     5        566      2587     
321      6        764      7        1562     3256     5        6        2175     2085     
6        1176     3186     6        1225     2073     4        5        6        726      
172      6        1694     481      5        6        3159     226      6        3039     
731      5        2593     7        1419     2272     5        6        2892     7        
628      1142     6        7        551      217      3063     7        776      2091     
6        7        2641     2970     2152     6        3171     1229     4        1287     
5        3072     2602     1977     3000     6        3030     3006     4        5        
2263     89       6        345      1065     5        1113     6        1218     2319     
2046     6        182      3048     5        2079     6        7        3213     281      
7        3089     2667     1317     5        742      6        3259     1221     6        
2515     1118     3        4        5        6        896      518      1582     2288     
5        6        381      2411     1104     5        2631     7        950      2796     
5        1999     2454     4        5        6        33       2390     6        1400     
2182     6        7        164      1204     756      5        2733     3221     3111     
5        2913     8        931      2751     2329     7        2755     1628     4        
5        2335     2979     5        492      6        66       42       2535     6        
2814     2511     5        6        1026     1733     2432     5        6        1015     
2541     2190     253      4        5        1624     190      6        1238     2619     
5        6        412      1334     6        265      2069     2986     2216     555      
3        4        5        6        6        2853     2399     1098     751      5        
6        405      860      6        2347     12       5        718      373      2419     
5        3278     430      6        1152     900      4        5        2678     6        
567      322      765      3187     5        482      6        227      732      1420     
6        629      552      5        6        90       1066     6        1114     183      
6        2080     3214     6        743      3260     4        5        519      2412     
6        2632     2797     2000     5        6        34       2183     2734     5        
2980     7        2815     2512     1734     6        1016     2191     254      5        
6        413      2987     2738     4        5        6        7        7        2854     
2400     1099     13       719      6        3279     431      901      5        7        
323      766      228      6        1115     2081     5        2855     229      230      

Press ENTER to write DFS results to output.txt


Output now exists in output.txt
Press ENTER to display children id's of node 0 (root)


displaying id and children of node: 0

0        3303     3304     3302     3308     3301     3307     3306     3424     4467     
4483     4482     4481     4474     4480     4479     4478     4477     4476     4475     
1831     1832     1833     1834     1835     1836     1837     1838     1819     1839     
1840     1841     2503     1842     4892     2504     1823     5022     2726     4902     
2517     2411     3545     4499     1805     1865     1843     365      187      3326     
4893     4898     2511     2505     37       2633     6        4468     1824     1817     
4841     3204     5212     3006     5023     4743     1003     2262     2727     5058     
2777     4903     2518     2412     3546     4393     4455     1806     1711     4500     
1866     1477     4273     1405     4484     1520     1844     366      188      3327     
3607     4899     2512     2506     454      4784     2329     496      4971     38       
2643     2634     4344     2364     4350     1644     1636     7        4459     4469     
4886     1825     2497     4463     1818     1811     1652     4183     5007     2705     
3205     1361     4850     5213     2426     3007     5012     1004     5024     2712     
2728     5066     2789     2458     5059     2778     4904     2519     2413     3547     
4394     4456     1807     4821     2380     2347     1712     3865     4501     1867     
863      4250     417      1478     908      4137     4207     469      1406     4834     
1521     5236     3033     2397     4673     2145     1288     3560     4231     1449     
1414     3906     929      367      386      189      3328     3608     4894     4900     
2513     2507     2493     4070     1186     455      4785     2330     497      4972     
39       2644     4966     2617     2691     2635     3592     4809     2365     434      
4351     1645     1637     3648     523      1378     8        5394     4460     4470     
4887     1826     2498     1812     1653     3288     3448     3981     4867     5233     
2455     3030     2035     5008     1053     2706     4441     5344     3206     1784     
3275     4825     2384     632      2905     1362     4608     4851     5214     2427     
3008     2044     3957     474      4374     1684     4745     1005     2264     2336     
1725     5025     2713     2729     2038     5067     2790     2459     3491     4551     
289      1946     3925     223      953      3764     3848     2779     208      4235     
835      1454     880      4712     4905     2209     2520     1769     2414     3246     
4798     2488     708      2351     2582     3425     4155     4249     4457     1474     
1808     4822     2381     2348     1318     1713     4776     2176     2321     3577     
5079     2805     4502     1868     864      4251     418      1479     4175     4640     
1349     2092     3896     909      20       5201     2995     5310     1367     3150     
3756     3776     470      4949     2609     2294     4308     1582     1407     5126     
2880     2137     4274     4486     1522     1846     726      5237     3034     2398     
3963     2255     696      4757     1019     2283     4674     2146     1289     3136     
3557     4232     1450     4211     1345     1415     4546     4772     381      2307     
3165     5243     1939     3045     3907     5220     930      3016     4158     368      
1321     3711     2661     5257     634      3068     5279     3100     387      3919     
1419     3977     946      5016     1045     2719     1108     3624     5364     4813     
190      2370     3235     5348     3211     486      3329     3609     4884     5005     
4895     4901     2514     2508     2494     2702     5255     2134     3065     2556     
4071     1187     456      4323     2331     498      1605     3900     4973     40       
2645     918      3258     4255     4396     1716     1486     4957     2618     2567     
4294     1058     4653     5046     2759     1559     2110     5325     3181     2692     
5188     2970     2636     3402     4223     4831     2393     2366     435      1435     
4345     154      1646     1638     2847     3649     524      1379     9        4355     
4461     5390     4471     4888     1827     2499     4464     1820     1813     3284     
1654     5082     973      2810     3112     4925     2897     2559     2783     5395     
3289     2536     3352     3418     3917     3618     4392     185      2260     1709     
2456     5234     467      3031     2036     944      4651     1056     2108     3982     
5329     1054     3187     5009     2707     1172     2439     4120     1265     175      
3953     4442     5345     4953     4248     999      4269     1473     1516     2613     
3207     5252     3059     1785     3174     3276     3717     4826     2385     645      
2298     633      5144     2906     2866     4168     1363     2466     4339     1338     
5331     2627     3189     4600     1629     2027     2475     3440     4679     2159     
212      3745     80       682      623      3367     3796     5142     5011     2709     
1183     2902     4428     3710     630      77       5215     2428     3009     1761     
5157     1616     2926     4613     4854     2431     2045     4625     2071     4701     
2196     759      3668     5362     5373     3231     3254     4729     4542     1933     
475      5169     2947     2231     4375     4519     1685     1896     4746     4744     
2263     1006     2265     2337     4401     560      1726     4692     5026     2714     
2730     4719     2219     2179     785      4073     1190     1534     4609     5164     
2039     2940     1174     3792     5217     3012     2447     3885     5068     104      
2791     896      4315     1595     5098     2460     2837     753      3118     3492     
4738     1930     4779     2324     2596     2248     4590     1551     2009     3781     
4311     290      1588     2061     1947     4774     738      2312     3926     4081     
2000     1207     224      4859     2441     954      3398     3622     2780     4960     
2624     209      3849     481      4236     836      1455     881      3564     4122     
5054     2773     150      4381     4906     2210     2521     1267     1694     4267     
3646     518      396      1770     1510     4842     1795     2415     4003     2226     
3929     960      576      1084     3420     3247     3537     3999     1764     4423     
1756     1079     355      177      2123     3612     5184     2965     401      656      
4986     2666     459      1166     5353     3219     127      3890     4883     2489     
2057     3765     5269     709      3085     296      4799     1720     2921     2352     
4298     2735     1568     4938     4706     3295     902      2203     2583     3314     
3317     3623     4955     3955     4        5342     3202     1001     4271     1475     
1518     4782     2327     1809     2615     4787     4823     1051     2382     2334     
2349     4156     5077     2174     2803     4171     1343     1937     1319     5346     
3209     484      4395     3063     1714     1433     5389     3282     2808     3916     
4390     1707     942      4328     1614     5167     2945     2177     1532     4736     
4777     2322     2246     1586     4421     479      5053     2771     1793     5182     
1754     2963     2919     3578     4281     5253     3061     2806     1530     4199     
1869     865      1392     1871     4443     2214     1787     867      4201     4792     
2342     419      1480     4493     1854     1394     2765     3827     1094     4257     
4176     809      4641     1350     2093     1490     3897     910      21       4226     
5202     2996     2975     1443     4243     3176     1368     5034     1466     5311     
2741     3151     1873     5206     3000     2525     3432     3620     4017     4849     
2423     1411     471      1105     4716     4950     2610     2295     5096     2216     
2834     1565     4208     1583     4532     1408     1913     4535     5127     1916     
2881     4668     2138     348      4275     1523     4946     727      2599     5238     
3035     2399     3508     3682     2256     4197     1388     584      310      3656     
609      200      3757     535      697      4418     1749     1957     801      4330     
4942     2589     4437     1619     1775     4758     1020     2284     4075     4445     
1789     1195     676      3489     5003     2698     4540     1926     1690     3278     
3853     4528     1908     842      3992     720      5335     1072     3195     2147     
4126     1271     5094     2827     1658     4138     283      1290     3867     982      
5301     3137     869      114      3373     3580     4233     4794     4807     1862     
2361     2344     1451     4212     4172     1346     17       2304     1416     5370     
996      3251     3851     1463     839      4218     1423     1698     1426     5173     
2951     4536     1919     421      4573     1980     3718     2387     5197     2986     
5130     647      2884     501      2934     3457     3558     4252     382      1482     
2308     110      1063     4303     5319     1458     3166     1576     924      3686     
4387     4547     1940     1701     588      5244     237      3046     3520     4219     
4740     1314     2251     4767     1429     2300     3833     3967     3908     931      
816      5221     1026     3017     4133     1856     1279     1139     329      3548     
3552     360      376      2852     406      4159     369      1322     4202     1396     
141      3561     4671     2141     4982     351      2662     2767     4318     1600     
5149     2912     635      3069     4556     1952     1733     4030     3101     4410     
1739     1126     3856     847      4522     1901     388      2275     2235     3338     
5103     2844     4734     2243     4750     1420     2272     2954     3651     4538     
1922     4150     4804     2357     992      1310     4078     4011     530      1096     
4918     1199     5086     2543     2817     3642     424      3879     511      888      
3828     5146     4415     1101     1745     2908     3920     811      4178     947      
1352     5118     2095     2868     3837     4259     1046     1492     4287     5017     
2720     1297     1543     3913     936      51       821      4044     1148     1109     
3426     831      5177     5295     3130     1608     2957     3935     3898     912      
191      2371     5365     967      3236     3625     2929     3212     487      5193     
23       2979     3321     3393     4184     5006     4885     4896     1829     2515     
2509     2495     2703     878      4666     1365     2135     3066     4924     1557     
2557     4072     3057     4958     2622     1188     1205     3610     457      5267     
3083     294      4148     5204     5075     2332     2801     2998     1386     3634     
499      139      4324     1308     5191     1606     2977     3901     4974     41       
2646     919      3259     3704     4313     2318     4397     1592     1717     1487     
4931     2619     4980     2116     2653     3144     2568     3805     4228     1445     
4278     4490     1526     1850     1059     4035     4295     4268     1511     780      
5047     2760     1560     4996     2111     2681     1132     5326     3182     2693     
4576     617      4878     2468     2481     1983     3331     4648     1401     4657     
2104     2119     2971     3989     1067     3106     4967     2637     43       4110     
4999     2686     2656     5275     3093     1252     3752     690      3670     29       
565      4975     2648     4091     253      1222     3309     4224     4810     2394     
5123     3147     2877     2367     4828     2131     3178     2390     3171     3593     
4169     1        1340     921      436      1436     3778     4963     2629     730      
3191     4185     155      1497     1370     1647     4508     1639     1880     3406     
5104     1439     2848     4856     1631     2434     4245     1468     3379     121      
65       2048     2989     3721     5036     1975     2743     4686     4602     2029     
650      2167     4363     160      4564     1666     1963     3153     2887     3511     
4866     2451     2023     2477     3650     525      1380     10       4505     1875     
853      2602     3638     504      314      3353     3701     5391     4472     4889     
1828     2500     1814     3285     5162     74       2937     1655     614      3969     
5208     3002     2155     4627     1031     4681     2161     2527     2074     4633     
5226     3022     214      2082     3747     4840     2407     2199     3938     82       
974      3799     5083     2811     3261     768      762      4098     3113     684      
5240     3038     1234     2748     3877     4922     2552     2898     884      4926     
625      4993     2571     2674     2560     5062     2784     1303     4913     5396     
3290     2402     2537     3323     3337     3401     3559     4343     3423     2725     
4454     1804     186      4965     36       2632     5057     5211     3005     2261     
2776     1710     1635     4868     2425     2711     2457     3619     2379     5235     
468      3032     4210     4230     1448     1413     385      4069     1185     522      
3447     4606     2034     4440     1783     3274     631      2904     4607     473      
2037     222      3763     207      1768     3245     4937     707      2581     3918     
4775     2320     2091     5300     725      3135     5278     3044     3099     5363     
4018     945      1107     3234     3899     4322     1604     5375     917      3257     
4254     1485     4652     1057     5045     2758     2109     153      5285     3111     
2535     3384     3417     3983     2259     678      1055     4858     2438     174      
4765     4952     1515     2612     2297     4167     2465     4874     1337     5330     
2626     3188     2474     3706     2158     79       622      3709     4067     5010     
2708     1182     4427     629      1760     4853     2430     4700     2070     2195     
3809     1895     559      4718     2218     784      1173     5216     3011     5097     
1594     2836     4773     2595     1550     2311     2440     3397     3645     4121     
149      1266     517      4002     575      1083     3419     3998     4430     1763     
1078     176      3726     400      655      126      4398     1719     1567     3372     
3954     4544     4954     4270     5341     3201     1000     1517     2614     4690     
2173     1936     3208     4309     1613     1585     5153     478      2918     4256     
4280     3060     1529     1391     4714     2213     1786     5049     1853     2764     
1489     5033     5323     3175     2740     2524     3431     4297     4848     2422     
1410     1564     4534     1912     1915     3681     583      3655     199      534      
4436     1618     1774     1194     3488     5386     4539     1925     1689     3277     
4527     1907     3991     719      5334     1071     3194     4125     1270     2826     
282      113      3535     3951     4806     1861     2360     995      4384     1462     
1697     5172     2950     1918     4827     2386     5196     2985     5129     646      
2883     3685     3986     109      1062     587      3832     4766     1313     2299     
815      359      3855     4670     2140     350      4029     1125     4521     846      
1900     2234     3349     73       3948     991      4917     529      5085     2542     
2816     4014     5145     4414     1100     1744     2907     2867     3836     1542     
3912     935      50       820      1147     5158     3129     966      2928     3378     
4195     1364     5266     2621     3082     1385     3804     5306     2115     3143     
4277     1525     4034     779      1131     2467     3751     4656     2103     2118     
1066     4109     4998     2685     2655     5274     3092     1251     689      4090     
252      1221     3510     4665     5308     3146     2130     3170     1339     4962     
2628     729      3190     3405     4855     1630     2433     4615     120      2047     
4601     2028     4362     159      1665     4598     4875     2022     2476     2601     
313      3441     613      3968     4626     1030     4680     2160     2073     4632     
5225     3021     213      2081     3746     2198     81       761      4097     683      
5239     3037     1233     4144     2551     4932     624      2570     1302     2401     
3347     3371     3775     4229     2710     4820     2378     1447     4068     1184     
521      5143     2903     5369     3244     2580     4639     2090     5299     724      
3134     3098     3233     5374     3256     3110     3396     3416     2258     173      
1514     4166     4961     1336     2625     78       4852     2429     3808     1894     
558      783      3010     3566     3676     148      574      3997     4429     1762     
1077     399      3487     4198     5340     3200     4689     2172     1935     4327     
1612     477      4492     4279     1528     1390     5048     1852     2763     3654     
1563     3680     582      533      4435     1617     1773     4378     1688     5093     
2825     281      4240     4496     1860     5171     1461     2949     3684     3985     
108      1061     586      4731     1899     2233     4013     990      1099     5294     
3128     2927     3700     5265     3081     1384     4655     2114     4266     1509     
778      2684     3509     3169     4614     2432     2046     158      4597     2021     
312      3797     612      2072     4702     2197     760      3354     3404     5368     
3243     3232     3255     3807     1513     782      3996     147      1076     3947     
4543     5339     3199     1934     476      2762     4377     1562     1687     5170     
2948     4730     1898     2232     989      3699     3080     4654     2113     1508     
2683     157      611      3958     4376     3242     4520     1686     1897     1507     
3959     1506     1007     2266     4263     1500     1008     4789     2267     2338     
4264     1501     3960     1009     86       4402     4747     2268     561      4790     
2339     1727     3435     5013     2715     5027     2005     2731     4265     4107     
203      1247     1502     3961     4054     1283     1161     1134     1010     4720     
5071     2220     2795     2180     3475     537      87       267      3810     2575     
699      786      3669     4305     1579     3184     4748     1751     2695     2269     
562      4074     4560     1191     1959     713      4283     2340     4403     1728     
1535     803      4610     5165     2040     2941     4513     1887     3971     58       
1175     1034     3355     4079     5014     414      5218     3013     2716     4589     
4336     1262     1626     2006     2732     4684     4291     1554     1202     2678     
4864     2164     2448     3368     3436     5044     204      2755     619      70       
5272     3089     1248     3461     4516     1891     105      5069     1503     2792     
243      3886     897      4910     2530     1240     5112     246      2857     1215     
3523     4055     1284     1162     4316     1135     1596     4040     4869     4944     
4870     2461     2470     2591     1143     5099     2838     1011     3733     4188     
4879     1373     2483     4721     754      2221     2796     3786     4332     1621     
665      746      4438     1777     336      2181     4050     3658     538      88       
1154     3266     3390     3964     1022     135      3452     2077     4935     2576     
661      4593     2015     3759     230      700      3811     98       1985     787      
2546     5089     5288     2820     3119     4024     670      1119     2286     3341     
3904     4306     4354     1650     927      1580     5328     3185     1931     4420     
4780     2325     4447     1791     1752     5002     2597     2696     2249     4749     
2270     1197     563      3485     4561     4286     1192     1540     1960     4290     
4595     279      2019     1552     2010     3767     181      733      714      3380     
3493     4791     2341     14       4312     291      1589     4592     3760     704      
196      2012     2062     3972     4552     1948     1729     4284     122      1536     
4161     1329     1035     3782     4450     306      1798     3823     804      739      
2313     3483     5166     2041     2942     3499     276      3801     3226     773      
300      3449     4586     2418     2001     1888     4082     4062     59       1176     
1208     225      3927     342      4860     2442     955      3334     3575     3923     
3632     4205     1403     4348     4970     494      2641     1642     415      951      
5219     3014     5015     1043     2717     5060     2700     2781     3421     3438     
4649     183      2106     1263     4337     1627     3743     210      680      4728     
5360     3229     2229     3790     102      751      4584     1928     2007     1998     
3888     4380     1692     394      5352     2121     3217     5028     2733     900      
3697     5180     5388     482      3280     2961     2973     607      4237     837      
1456     5101     2842     2241     4080     4292     1555     1203     2679     4865     
2165     2449     882      3369     3399     3437     5055     1802     2774     205      
4912     2756     151      2533     4289     620      2193     1548     3854     4907     
2916     2211     2522     4530     1910     4123     1069     1268     4382     1695     
844      71       5273     3090     1249     3434     3565     3773     4818     2376     
519      4637     2088     722      3108     3666     1334     4517     1892     556      
397      4433     1771     106      3126     776      4105     3994     1074     5337     
3197     987      1504     5070     1245     2793     4117     1260     3462     202      
244      4843     1796     5356     3224     2416     3470     4968     2639     4726     
2227     898      4103     2531     5292     3124     1243     4101     1241     543      
3466     1356     3677     3930     961      247      577      2858     3662     3694     
601      258      545      4004     4087     1216     262      1085     2149     3360     
4056     4549     4181     1358     1285     2688     1943     2658     5116     2863     
1163     4037     1704     4317     3248     4130     1276     1136     1597     828      
3464     3538     1765     4424     4871     2462     2471     1757     2592     1080     
3932     356      4041     1144     963      249      5277     3095     579      178      
4127     5100     1995     2839     5113     2860     1273     4094     4112     4660     
2124     1227     1254     1012     3412     3793     4880     1374     2484     2966     
4618     755      4722     2222     2053     3819     797      402      2797     3787     
4333     1622     3734     657      666      747      3585     2829     3524     4358     
1778     337      1660     93       3613     4987     427      2667     460      5228     
3025     591      3444     1167     217      3598     442      166      4693     639      
2182     3356     3530     3753     285      692      3940     344      978      3385     
603      5354     3220     539      89       3477     3468     260      128      269      
4051     1292     547      1155     1989     3672     31       5379     3267     567      
3376     3965     4928     2490     2564     2058     1023     4977     136      2650     
3365     3644     514      3769     716      47       4096     1218     2127     4629     
2078     1230     3472     2577     264      710      3459     5270     3086     240      
3730     662      333      132      3480     2016     3502     231      701      303      
3496     273      297      3465     99       3943     4115     2085     984      1257     
255      1986     788      3869     4800     4399     1721     1015     2922     2353     
4646     4919     5303     3139     2099     2547     552      871      4371     1679     
2065     1087     3518     2151     4510     5030     2736     116      5090     2821     
1883     3120     3738     3882     891      671      1120     3814     323      791      
1569     5246     2287     3049     3891     4939     4707     3296     903      2204     
2584     2872     2188     5260     448      3073     3311     3305     3316     3591     
3956     3544     2410     4498     1864     364      5        5343     3203     1002     
4272     1476     1519     4783     2328     2363     4458     1810     1651     5065     
1360     2788     3905     4247     4796     1472     2346     862      4833     2396     
1287     928      4956     5001     2616     2690     4191     433      1377     4234     
4824     1052     2383     4788     2335     1724     1945     4797     1453     4882     
2487     2350     3556     4154     1317     2175     5078     2804     4174     1348     
19       5309     2994     3149     4307     4485     2608     5125     1581     2879     
1845     4741     2254     4756     1018     2282     4157     1344     4545     4771     
380      2306     3164     1938     1320     2660     4213     1418     2718     4812     
2369     5347     3210     485      4222     5254     2133     3064     5187     1715     
3180     2969     4830     2392     1434     5138     3283     5081     972      2809     
2896     3780     3952     4391     1708     943      3186     5117     5322     998      
3173     2865     3884     4329     5156     1615     2925     758      4691     5372     
3253     5168     1932     2946     2178     1533     4135     895      1282     4737     
4778     2323     2247     4310     1587     737      4058     480      4725     2772     
1794     2225     4422     1755     5183     2964     1165     4705     2056     2920     
2202     3313     3454     3980     4781     3        2326     1050     1342     5080     
3062     1432     2807     4282     4389     1706     941      1531     4448     1792     
1753     3826     1870     866      4200     234      1393     4009     1093     808      
4242     1442     4503     1465     1872     3821     4715     1104     5095     2215     
2833     2598     4417     1748     1956     800      4444     1788     675      3866     
2697     841      868      3456     3579     4793     2343     4769     16       2303     
3250     4217     1425     420      3902     1481     1575     923      4386     1700     
236      3569     4739     2250     1428     4039     4132     1855     1278     1138     
328      5107     2851     405      1395     4405     2766     5148     1599     2911     
4555     1951     1732     1738     3582     5175     2271     2953     4010     4803     
1921     2356     4077     1095     1198     3641     3595     423      438      510      
4140     4177     810      4642     1351     2094     4258     1491     1296     3845     
830      911      22       3495     4147     5250     3056     293      5074     5203     
2800     2997     5190     1307     2976     4227     1591     4575     4489     1444     
1849     1982     564      3637     5324     3177     2389     4507     4260     1496     
1369     1879     3720     1438     4244     1467     64       2988     4570     5035     
1974     2742     649      3152     2886     3861     4504     1874     852      503      
4992     2936     5207     3001     2526     2673     3375     3383     3621     4342     
4964     5021     2724     2631     1634     2424     4209     1412     384      3762     
5231     3028     5385     1782     3273     472      4432     1767     706      5242     
3043     1106     4253     916      1484     4066     4857     2437     4951     2611     
2296     4873     2464     2473     4717     4426     1181     1759     2217     2835     
4945     2594     2310     4001     1082     3779     732      3528     341      125      
1566     3534     1584     3430     4533     4847     2421     1409     1914     198      
1193     4526     5333     1906     3193     112      3540     5128     1917     2882     
3831     814      358      4028     4669     2139     349      1124     3934     2815     
4043     3911     1541     934      819      1146     965      3777     4276     3142     
4488     1524     1848     3988     2102     1065     3091     251      4361     728      
4562     1664     1961     2600     4143     5224     1029     3020     3036     4835     
2550     1301     2400     3346     3486     3097     3675     4742     2257     172      
573      3683     1389     3679     581      280      4239     4495     1859     1460     
585      5320     3168     4596     2020     311      3657     610      4262     3241     
1499     3433     201      85       3758     2004     4053     1160     536      698      
3822     4419     1578     1750     1958     802      57       3364     4335     1625     
1553     3522     69       332      5111     1239     2856     4187     4943     2590     
1142     4331     1372     1620     1776     3265     3737     1021     3729     660      
2014     97       4759     669      2285     3428     4076     4353     1649     926      
4446     1790     1196     4285     1539     3741     180      677      4591     195      
2011     772      3411     3631     3922     4347     493      1641     950      2699     
3563     3742     182      679      750      4583     1927     1997     4379     1691     
393      5387     3279     2841     3693     4288     1547     4529     1909     843      
3993     3772     4817     2375     721      4165     1333     555      5336     1073     
3196     4675     4180     1355     600      2148     3490     3843     1942     5115     
2862     734      4129     1703     1275     827      1272     3687     4617     2052     
796      4357     2828     1659     590      165      4139     3529     284      3939     
343      977      1291     3458     3768     4095     715      4662     2126     1229     
239      4114     983      1256     3868     1014     4645     5302     3138     2098     
551      870      4621     1678     2064     3517     4509     115      1882     5245     
322      3048     5121     2871     447      3339     3315     3543     3590     4808     
4497     1863     363      2362     4795     2345     861      4190     432      1376     
4881     1452     2486     3555     4153     1316     18       2993     4755     2253     
2281     5318     4770     379      2305     3163     1417     5186     2968     971      
3795     4246     997      1471     5371     757      3252     736      4724     2224     
2055     3581     3979     4221     1049     1431     940      1092     4241     1441     
1464     3852     2832     799      840      3455     4216     4768     15       2302     
1424     4302     1574     4385     1699     235      3568     1427     327      5106     
2850     404      4409     4554     1950     1731     1737     5174     2952     4537     
1920     422      3494     5073     292      2799     4574     1590     1981     3636     
2388     1495     3719     5198     63       2987     5131     648      2885     502      
5161     2935     2672     3374     3382     3761     4341     5020     2723     1633     
383      4439     1781     705      1483     4065     2436     1180     2309     124      
3835     3429     197      111      5084     2814     3910     933      818      3987     
4487     1847     1064     1663     4142     5223     1028     3019     1300     3345     
4238     171      4494     1858     1459     3167     5367     3240     4134     1281     
1159     4304     1577     56       3363     1624     5110     68       2855     5378     
1141     3264     3736     3728     659      2013     96       668      3903     925      
1538     771      3630     3789     492      749      4164     1546     1332     599      
4388     4548     1941     1702     3818     4616     2051     795      589      4620     
3521     238      331      2063     3047     3340     3542     3554     3589     362      
431      4152     5200     1315     2992     4754     2252     2280     5317     378      
3162     1470     4301     4220     1430     939      2831     4404     2301     1573     
1730     4991     62       2671     3381     3834     1780     4064     1179     3526     
339      123      3909     932      817      4360     1662     5222     1027     3018     
3344     1857     1280     55       3362     5109     67       2854     1140     95       
1537     3692     4163     1331     598      2050     330      3541     4990     3553     
3588     361      430      5199     2991     377      2670     3691     5108     54       
2853     4162     1330     597      3587     4989     429      2669     407      3614     
462      3570     370      4160     408      1323     3450     3871     5230     463      
3027     4203     874      1397     226      3864     857      593      3549     371      
3974     3571     142      409      1324     1038     3408     3798     4762     2142     
2291     3615     4060     464      1169     4983     352      2663     5050     2768     
1977     3872     875      1398     5038     765      2745     3505     3723     4319     
4604     2031     219      1601     652      4688     2169     4022     743      1116     
307      4451     5150     1799     2913     3712     439      636      3070     3414     
5247     4557     805      1953     3053     3600     3840     824      162      444      
3688     4406     858      1734     168      594      4365     740      1668     1965     
5313     1671     3155     3550     3714     641      372      5280     2314     3102     
3975     4411     1740     1127     3572     143      4084     410      1211     1325     
4695     1039     2184     3857     848      4523     1902     389      2276     1968     
5132     2236     2889     3318     3532     3755     2143     4373     2453     4611     
2042     1682     287      4173     1347     4763     2292     694      2845     3616     
4061     5232     465      3029     1170     2025     3116     4984     353      2664     
4214     5051     2943     2244     2769     3942     346      980      4751     4571     
1421     1978     2273     2955     3873     876      4876     2479     1399     5039     
766      2746     3387     3527     4320     4605     2032     220      1602     4623     
2068     3724     653      340      3949     1923     4151     4805     2358     993      
1311     527      687      3652     4193     4012     2170     531      1097     1382     
3784     1200     744      4023     228      2544     5087     2818     1117     3484     
3506     277      308      12       3583     5358     3227     605      3802     5151     
1800     2914     774      3222     541      4580     1993     3596     425      440      
3880     3479     512      130      3500     301      271      5258     889      3071     
3409     3824     5137     2606     2894     735      4015     806      4416     1102     
4558     1746     1954     2909     1294     5248     3054     4568     1877     1972     
3829     5241     3041     4845     2419     812      4587     2002     1237     3515     
948      4514     1889     1353     3841     825      163      4643     2096     3601     
320      5119     2869     445      3415     3978     859      4407     4007     1047     
1090     1735     1493     4141     5018     2721     1298     4052     169      1157     
1544     3342     3914     3160     937      60       1177     3689     52       595      
3973     855      1036     3838     741      4366     822      1669     4566     1209     
1966     4367     1991     4368     2604     1674     3158     5314     1672     3156     
4045     1149     1110     3325     3715     832      642      373      5281     2315     
3103     3394     4031     33       1741     1128     3573     5296     3131     1609     
144      4047     411      1212     1151     1326     4696     5178     1040     2958     
2185     3858     849      3562     4524     913      1903     192      4814     390      
2372     4752     968      3237     2277     1969     3513     5159     4861     2443     
956      2930     5041     2751     5349     3213     2237     3626     506      5381     
3269     569      4019     488      1112     5133     2890     316      5194     24       
2980     3312     3351     3576     3300     3606     4206     4473     4891     1830     
2502     2516     4897     2510     1816     1404     4349     3633     453      495      
2642     1643     2496     2704     4672     3895     416      907      2144     5393     
2492     3287     3847     2454     4612     2043     1683     3924     288      952      
4711     3875     834      879      2208     3976     1366     4667     4764     2293     
2136     695      5256     3015     3067     1044     4923     5004     2701     2555     
4930     2566     1558     2846     5061     2558     2782     3439     3617     4650     
466      2107     4119     1171     1264     5251     3058     644      4338     4599     
1628     2026     3744     211      681      3366     5141     2901     4959     2623     
76       5361     3230     2230     5163     1189     2939     3791     2446     103      
752      3117     4541     1929     2008     2060     4585     1999     1206     3536     
3928     1693     395      959      3611     4659     354      2122     4985     2665     
458      3218     3889     5268     3084     295      5029     2734     5399     3294     
901      3533     4735     4786     2333     5076     2802     483      3281     5052     
2944     2245     5181     2770     2962     5205     2974     2999     3698     347      
4196     1387     608      2588     4356     1657     981      3635     3850     4215     
838      1422     4572     1979     500      2933     1457     3551     1025     375      
140      2274     4325     5102     2843     2242     4149     1309     887      5192     
5176     1607     2956     2978     3392     3874     4293     877      1556     1204     
138      3703     4979     2317     2652     4995     2680     4877     616      2480     
3330     1400     5283     3105     42       28       2647     4563     5122     2876     
920      4685     2166     1962     2450     3876     2154     4839     2406     5376     
3260     767      2747     883      3322     3336     3400     5056     4453     1803     
35       5210     3004     2775     3446     2033     221      206      2319     4321     
1603     2757     152      2534     3705     4678     2157     621      4314     4624     
628      4699     2069     2194     1593     1549     3725     516      654      1718     
3771     4908     2917     4713     2212     1488     5032     2739     2523     4531     
1911     4124     1924     3990     718      1070     1269     3950     4383     2359     
994      1696     2984     1312     845      3348     72       4916     528      2541     
4413     1743     49       3750     2620     4033     1130     4089     2117     4108     
2654     1250     688      1220     4664     5307     3145     2129     119      4631     
2080     1232     2569     3370     3422     3774     3647     184      4819     2377     
1446     520      2579     4638     2089     5298     723      3133     3109     3667     
1335     4518     1893     557      398      3653     4326     2171     1611     4491     
1527     1851     5092     4434     532      1772     2824     3984     107      1060     
5293     1098     3127     4194     1383     777      3474     3946     3806     1512     
781      3995     146      1075     4296     5338     3198     2761     1561     988      
5264     3079     4997     2112     2682     1505     4106     1246     4036     1133     
2794     266      2574     3766     5327     3183     2694     712      194      4512     
1886     1033     3389     3574     413      4118     1261     100      4683     1201     
2677     2163     3463     5043     2754     618      3088     242      4086     2529     
245      1214     4049     2469     3732     2482     3785     664      745      335      
1153     3451     134      4577     2076     229      1984     2545     5088     2819     
1118     3482     3507     278      4594     2018     309      3504     3453     13       
233      703      1328     4449     305      1797     4844     3498     275      5357     
3225     299      2417     3333     3696     4204     4969     1402     2640     1042     
3887     2105     4727     5359     3228     2228     101      4658     5351     2120     
3216     899      4733     5189     2960     2972     606      2240     3803     4452     
4911     1801     2532     2192     5152     2915     1068     3945     4636     5284     
2087     3107     3125     775      4104     986      1244     1259     3223     3660     
2638     4102     5291     3123     1242     542      3661     257      544      3359     
4981     5000     1357     2687     2657     3678     3931     962      248      5276     
3094     578      4581     1994     2859     4111     1226     1253     3443     3584     
92       426      3024     3597     216      441      638      3467     691      3695     
602      3476     259      268      4578     546      1988     30       3813     4976     
2563     2649     3388     3643     513      46       1217     3471     263      131      
3501     302      272      4635     2084     254      1086     4676     2150     3881     
890      790      5259     2187     3072     3310     3860     4136     4182     2409     
5064     1359     2787     4832     2395     1286     2689     4550     1723     1944     
4811     3148     4948     5124     2607     2878     1017     2659     2368     4829     
2132     3179     2391     2895     4057     5321     3172     2864     5155     2924     
894      4704     1164     2201     3594     3825     4170     2        1341     1705     
807      4016     1103     4559     1747     1955     674      4038     3249     922      
4131     1277     1137     5147     1598     2910     3844     4802     2355     3640     
437      509      1295     829      4146     5249     3055     1306     4225     1878     
4569     1437     1973     851      3410     3539     4431     2630     5384     3272     
1766     3042     915      4425     4872     2463     2472     1758     2593     4000     
1081     731      3933     4846     2420     5332     1905     3192     4027     3830     
813      357      1123     4042     1145     964      4921     5305     3141     4647     
2101     250      2549     3403     3674     3096     572      580      156      4588     
4261     1498     84       2003     4186     1238     1371     4352     1648     179      
3516     3921     4346     1640     949      4582     1996     392      2840     4179     
4816     2374     4515     1890     554      1354     3842     5114     2861     4128     
1274     826      164      976      3665     4113     4661     2125     1228     1255     
3962     1013     4644     2097     550      1677     3602     1881     321      5120     
2870     446      3407     3794     3937     4189     860      1375     2485     5185     
2967     970      4619     756      4723     2223     2054     3820     4008     1048     
1091     1440     798      4408     3567     326      5105     2849     403      4553     
1949     1736     5072     2798     1494     3629     4340     5019     2722     1632     
2435     2813     1299     3727     170      5366     3239     1158     4334     1623     
3263     3735     658      667      770      3817     3788     491      748      1545     
794      3343     3915     5316     2279     3161     1469     4300     938      2830     
1572     61       3525     4359     1779     4063     1178     338      1661     3361     
66       94       2049     3586     2990     3690     53       596      4988     428      
2668     461      3870     5229     3026     873      3863     856      592      1037     
3445     4059     2290     1168     1976     5037     764      2744     3783     3722     
4603     2030     218      651      4687     2168     4021     742      1115     3413     
3052     3599     3839     823      161      443      4364     167      4565     1667     
1964     5312     1670     3154     4083     640      4694     1210     2183     1967     
2888     3324     3531     3754     4372     2452     1681     286      693      5287     
2024     3115     3941     345      979      2478     3386     3749     2067     526      
686      4192     1381     227      11       3659     604      5355     3221     540      
1992     3478     3469     261      129      270      3862     4506     5136     2605     
2893     1293     4567     1876     1971     4100     3040     1236     3663     4369     
548      1675     319      4006     1089     1156     5315     3159     854      4579     
1990     4947     2603     1673     3157     3512     4046     32       1150     5040     
2750     3639     505      5380     3268     568      1111     315      3320     3350     
3846     3299     3894     4462     4465     4890     2501     1821     4466     1822     
1815     452      906      5392     2491     3286     4710     833      2207     4929     
2554     2565     3716     643      4863     5140     2900     75       2938     2445     
2059     5398     958      3293     3878     4941     2587     1656     5160     2932     
3966     1024     374      886      3391     137      3702     4978     2316     2651     
615      5282     3104     27       2875     4838     2153     2405     3332     3335     
5209     34       3003     3708     2156     627      515      3770     2738     717      
2983     4915     2540     4412     1742     48       4032     4088     1129     1219     
4663     2128     118      4630     2079     1231     3395     4936     5297     2578     
3132     5091     1610     2823     3473     5263     145      3078     4934     265      
2573     3970     711      4511     1885     1032     3460     4682     412      4994     
2676     2162     4085     5271     2753     3087     241      4909     2528     1213     
4048     3731     663      334      1152     4628     133      2075     3481     2017     
3503     232      702      1327     304      3497     274      298      3358     4732     
1041     3215     5179     2959     2239     3944     2191     4116     2086     985      
1258     5290     3122     256      4093     1225     3442     5227     91       3023     
3713     215      637      1987     3812     2562     4634     45       2083     4697     
789      2186     3514     3859     4400     5063     2408     2786     1722     1016     
4703     5154     2923     893      2200     3740     673      4801     2354     508      
4145     1305     850      3427     4026     5383     3271     914      4525     1904     
1122     4920     5304     3140     2100     2548     3673     571      83       193      
3664     391      4815     2373     553      975      4370     549      1676     3628     
3936     969      325      3800     2812     5377     3238     3262     769      3816     
490      793      4299     4753     2278     1571     872      4020     4761     2289     
763      1114     3051     3748     5286     1680     3114     4622     2066     685      
4005     5135     2892     1970     4099     3039     1235     318      1088     2749     
3319     3605     4709     3298     3893     451      905      2206     2553     4862     
5139     2899     2444     5397     957      3292     4940     2586     2931     885      
4677     26       2874     4837     2152     2404     3377     3707     626      5031     
2737     2982     2539     117      4933     2822     5262     3077     2572     1884     
5042     2675     2752     3357     5350     3214     2238     5289     2190     3121     
4092     1224     90       4927     2561     44       3519     3883     2785     892      
3739     672      507      1304     4025     5382     3270     1121     570      3627     
324      3815     489      792      1570     4760     2288     1113     3050     3671     
5134     2891     317      566      3603     3604     4708     3297     3892     450      
904      2205     3291     2585     4836     25       2873     2403     4914     5195     
2981     2538     3076     4698     2189     1223     5261     449      3075     3074     

McCreight's Algorithm program finished.
